
[-10]       0       0       0     488       0       0       0       0       0       0       0       0       0       0       0       0       0       0       0       0       0
[0  ]       0       0    1255       0       0       0       0       0       0       0       0       0       0       0       0       0       0       0       0       0       0
[10 ]       0       0       0     152       0       0       0       0       0       0       0       0       0       0       0       0       0       0       0       0       0
[20 ]       0       0     378       0      32       0       0       0       0       0       0       0       0       0       0       0       0       0       0       0       0
[30 ]       0       0       0      91       0      27       0       0       0       0       0       0       0       0       0       0       0       0       0       0       0
[40 ]       0       0       0       0      29       0      18       0       0       0       0       0       0       0       0       0       0       0       0       0       0
[50 ]       0       0       0       0       0      11       0       8       0       0       0       0       0       0       0       0       0       0       0       0       0
[60 ]       0       0       0       0       0       0       8       0       9       0       0       0       0       0       0       0       0       0       0       0       0
[70 ]       0       0       0       0       0       0       0      10       0      11       0       0       0       0       0       0       0       0       0       0       0
[80 ]       0       0       0       0       0       0       0       0       8       0      10       0       0       0       0       0       0       0       0       0       0
[90 ]       0       0       0       0       0       0       0       0       0       9       0       5       0       0       0       0       0       0       0       0       0
[100]       0       0       0       0       0       0       0       0       0       0       5       0      11       0       0       0       0       0       0       0       0
[110]       0       0       0       0       0       0       0       0       0       0       0      10       0       5       0       0       0       0       0       0       0
[120]       0       0       0       0       0       0       0       0       0       0       0       0      11       0      11       0       0       0       0       0       0
[130]       0       0       0       0       0       0       0       0       0       0       0       0       0       5       0      25       0       0       0       0       0
[140]       0       0       0       0       0       0       0       0       0       0       0       0       0       0       8       0      43       0       0       0       0
[150]       0       0       0       0       0       0       0       0       0       0       0       0       0       0       0      24       0     120       0       0       0
[160]       0       0       0       0       0       0       0       0       0       0       0       0       0       0       0       0      53       0     672       0       0
[170]       0       0       0       0       0       0       0       0       0       0       0       0       0       0       0       0       0     292       0       0       0
[180]       0       0       0       0       0       0       0       0       0       0       0       0       0       0       0       0       0       0    2674       0       0
[190]       0       0       0       0       0       0       0       0       0       0       0       0       0       0       0       0       0     961       0       0       0
        [-10]     [0]    [10]    [20]    [30]    [40]    [50]    [60]    [70]    [80]    [90]   [100]   [110]   [120]   [130]   [140]   [150]   [160]   [170]   [180]   [190]