
[-10]       0       0       0       0       0       0       0       0       0       0       0       0       0       0       0       0       0       0       0       0       0
[0  ]       0       0      15       0       0       0       0       0       0       0       0       0       0       0       0       0       0       0       0       0       0
[10 ]       0       0       0       0       0       0       0       0       0       0       0       0       0       0       0       0       0       0       0       0       0
[20 ]       0       0       0       0       0       0       0       0       0       0       0       0       0       0       0       0       0       0       0       0       0
[30 ]       0       0       0       0       0       0       0       0       0       0       0       0       0       0       0       0       0       0       0       0       0
[40 ]       0       0       0       0       0       0       0       0       0       0       0       0       0       0       0       0       0       0       0       0       0
[50 ]       0       0       0       0       0       0       0       0       0       0       0       0       0       0       0       0       0       0       0       0       0
[60 ]       0       0       0       0       0       0       0       0       0       0       0       0       0       0       0       0       0       0       0       0       0
[70 ]       0       0       0       0       0       0       0       0       0       0       0       0       0       0       0       0       0       0       0       0       0
[80 ]       0       0       0       0       0       0       0       0       0       0       0       0       0       0       0       0       0       0       0       0       0
[90 ]       0       0       0       0       0       0       0       0       0       0       0       0       0       0       0       0       0       0       0       0       0
[100]       0       0       0       0       0       0       0       0       0       0       0       0       1       0       0       0       0       0       0       0       0
[110]       0       0       0       0       0       0       0       0       0       0       0       0       0       0       0       0       0       0       0       0       0
[120]       0       0       0       0       0       0       0       0       0       0       0       0       0       0       0       0       0       0       0       0       0
[130]       0       0       0       0       0       0       0       0       0       0       0       0       0       0       0       0       0       0       0       0       0
[140]       0       0       0       0       0       0       0       0       0       0       0       0       0       0       0       0       0       0       0       0       0
[150]       0       0       0       0       0       0       0       0       0       0       0       0       0       0       0       0       0       0       0       0       0
[160]       0       0       0       0       0       0       0       0       0       0       0       0       0       0       0       0       0       0       3       0       0
[170]       0       0       0       0       0       0       0       0       0       0       0       0       0       0       0       0       0       0       0       0       0
[180]       0       0       0       0       0       0       0       0       0       0       0       0       0       0       0       0       0       0      18       0       0
[190]       0       0       0       0       0       0       0       0       0       0       0       0       0       0       0       0       0       1       0       0       0
        [-10]     [0]    [10]    [20]    [30]    [40]    [50]    [60]    [70]    [80]    [90]   [100]   [110]   [120]   [130]   [140]   [150]   [160]   [170]   [180]   [190]
