[-10]       0       0       0   15389       0       0       0       0       0       0       0       0       0       0       0       0       0       0       0       0       0
[0  ]       0       0   27001    1728       0       0       0       0       0       0       0       0       0       0       0       0       0       0       0       0       0
[10 ]       0       0       0    5155       0       0       0       0       0       0       0       0       0       0       0       0       0       0       0       0       0
[20 ]       0       0    9272       0    1952       0       0       0       0       0       0       0       0       0       0       0       0       0       0       0       0
[30 ]       0       0       0    2510       0     939       0       0       0       0       0       0       0       0       0       0       0       0       0       0       0
[40 ]       0       0       0       0    1170       0     615       0       0       0       0       0       0       0       0       0       0       0       0       0       0
[50 ]       0       0       0       0       0     804       0     392       0       0       0       0       0       0       0       0       0       0       0       0       0
[60 ]       0       0       0       0       0       0     564       0     400       0       0       0       0       0       0       0       0       0       0       0       0
[70 ]       0       0       0       0       0       0       0     416       0     454       0       0       0       0       0       0       0       0       0       0       0
[80 ]       0       0       0       0       0       0       0       0     468       0     285       0       0       0       0       0       0       0       0       0       0
[90 ]       0       0       0       0       0       0       0       0       0     431       0     318       0       0       0       0       0       0       0       0       0
[100]       0       0       0       0       0       0       0       0       0       0     328       0     290       0       0       0       0       0       0       0       0
[110]       0       0       0       0       0       0       0       0       0       0       0     342       0     319       0       0       0       0       0       0       0
[120]       0       0       0       0       0       0       0       0       0       0       0       0     321       0     364       0       0       0       0       0       0
[130]       0       0       0       0       0       0       0       0       0       0       0       0       0     360       0     434       0       0       0       0       0
[140]       0       0       0       0       0       0       0       0       0       0       0       0       0       0     402       0     608       0       0       0       0
[150]       0       0       0       0       0       0       0       0       0       0       0       0       0       0       0     686       0    1224       0       0       0
[160]       0       0       0       0       0       0       0       0       0       0       0       0       0       0       0       0    1282       0    4580       0       0
[170]       0       0       0       0       0       0       0       0       0       0       0       0       0       0       0       0       0    3239       0       0       0
[180]       0       0       0       0       0       0       0       0       0       0       0       0       0       0       0       0       0     185   17717       0       0
[190]       0       0       0       0       0       0       0       0       0       0       0       0       0       0       0       0       0    7955       0       0       0
        [-10]     [0]    [10]    [20]    [30]    [40]    [50]    [60]    [70]    [80]    [90]   [100]   [110]   [120]   [130]   [140]   [150]   [160]   [170]   [180]   [190]